begin_tracking  end_tracking     lptid  lptgroup  duration  mean_zonal_spd   lpt_begin     lpt_end      eprop_begin_idx  eprop_end_idx  eprop_spd  eprop_dur eprop_begin   eprop_end     eprop_lon_begin  eprop_lon_end
    2010060100    2015063023    1.1000         1    494.00           -0.18  2010061101  2010070415                 -999           -999    -999.00    -999.00  9999999999  9999999999              -999.0         -999.0
    2010060100    2015063023    2.1000         2    404.00           -1.04  2010061820  2010070816                 -999           -999    -999.00    -999.00  9999999999  9999999999              -999.0         -999.0
    2010060100    2015063023    3.1000         3    250.00           -1.20  2010070522  2010071908                 -999           -999    -999.00    -999.00  9999999999  9999999999              -999.0         -999.0
    2010060100    2015063023    5.1000         5    171.00            4.60  2010070720  2010071723                 -999           -999    -999.00    -999.00  9999999999  9999999999              -999.0         -999.0
    2010060100    2015063023    6.1000         6    346.00           -2.69  2010072615  2010081301                 -999           -999    -999.00    -999.00  9999999999  9999999999              -999.0         -999.0
    2010060100    2015063023    7.1000         7    196.00            0.19  2010072811  2010080815                 -999           -999    -999.00    -999.00  9999999999  9999999999              -999.0         -999.0
    2010060100    2015063023    9.1000         9    224.00           -0.84  2010081504  2010082712                 -999           -999    -999.00    -999.00  9999999999  9999999999              -999.0         -999.0
    2010060100    2015063023   10.1000        10    179.00           -0.97  2010081509  2010082520                 -999           -999    -999.00    -999.00  9999999999  9999999999              -999.0         -999.0
    2010060100    2015063023   11.1000        11    395.00           -0.49  2010082313  2010091200                 -999           -999    -999.00    -999.00  9999999999  9999999999              -999.0         -999.0
    2010060100    2015063023   12.1000        12    235.00            0.34  2010082621  2010090816                 -999           -999    -999.00    -999.00  9999999999  9999999999              -999.0         -999.0
    2010060100    2015063023   14.1000        14    170.00            0.20  2010083009  2010090911                 -999           -999    -999.00    -999.00  9999999999  9999999999              -999.0         -999.0
    2010060100    2015063023   15.1000        15    224.00           -1.52  2010090802  2010092010                 -999           -999    -999.00    -999.00  9999999999  9999999999              -999.0         -999.0
    2010060100    2015063023   16.1000        16    230.00            0.02  2010091208  2010092422                 -999           -999    -999.00    -999.00  9999999999  9999999999              -999.0         -999.0
    2010060100    2015063023   17.1000        17    172.00           -3.76  2010091322  2010092402                 -999           -999    -999.00    -999.00  9999999999  9999999999              -999.0         -999.0
    2010060100    2015063023   18.1000        18    385.00            2.01  2010091419  2010100320                 -999           -999    -999.00    -999.00  9999999999  9999999999              -999.0         -999.0
    2010060100    2015063023   20.1000        20    181.00           -0.97  2010091710  2010092723                 -999           -999    -999.00    -999.00  9999999999  9999999999              -999.0         -999.0
    2010060100    2015063023   21.1000        21    205.00           -0.61  2010101920  2010103109                 -999           -999    -999.00    -999.00  9999999999  9999999999              -999.0         -999.0
    2010060100    2015063023   23.1000        23    276.00           -2.30  2010102612  2010111000                 -999           -999    -999.00    -999.00  9999999999  9999999999              -999.0         -999.0
    2010060100    2015063023   24.1000        24    275.00           -0.09  2010111008  2010112419                 -999           -999    -999.00    -999.00  9999999999  9999999999              -999.0         -999.0
    2010060100    2015063023   25.1000        25    210.00           -1.20  2010112704  2010120822                 -999           -999    -999.00    -999.00  9999999999  9999999999              -999.0         -999.0
    2010060100    2015063023   26.1000        26    327.00            3.72  2010120600  2010122215                 -999           -999    -999.00    -999.00  9999999999  9999999999              -999.0         -999.0
    2010060100    2015063023   27.1000        27    203.00            6.53  2010121716  2010122903                 -999           -999    -999.00    -999.00  9999999999  9999999999              -999.0         -999.0
    2010060100    2015063023   29.1000        29    186.00           -2.93  2010122511  2011010505                 -999           -999    -999.00    -999.00  9999999999  9999999999              -999.0         -999.0
    2010060100    2015063023   32.1000        32    175.00            1.98  2011011723  2011012806                 -999           -999    -999.00    -999.00  9999999999  9999999999              -999.0         -999.0
    2010060100    2015063023   33.1000        33    265.00            0.14  2011012116  2011020417                 -999           -999    -999.00    -999.00  9999999999  9999999999              -999.0         -999.0
    2010060100    2015063023   34.1000        34    249.00            0.18  2011012805  2011021014                 -999           -999    -999.00    -999.00  9999999999  9999999999              -999.0         -999.0
    2010060100    2015063023   35.1000        35    341.00           -1.51  2011020322  2011022103                 -999           -999    -999.00    -999.00  9999999999  9999999999              -999.0         -999.0
    2010060100    2015063023   36.1000        36    310.00            2.67  2011020423  2011022021                 -999           -999    -999.00    -999.00  9999999999  9999999999              -999.0         -999.0
    2010060100    2015063023   37.1000        37    427.00           -0.05  2011020705  2011022800                 -999           -999    -999.00    -999.00  9999999999  9999999999              -999.0         -999.0
    2010060100    2015063023   38.1000        38    239.00           -1.38  2011020823  2011022122                 -999           -999    -999.00    -999.00  9999999999  9999999999              -999.0         -999.0
    2010060100    2015063023   39.1000        39    199.00            5.67  2011030702  2011031809                 -999           -999    -999.00    -999.00  9999999999  9999999999              -999.0         -999.0
    2010060100    2015063023   41.1000        41    195.00           -0.02  2011032014  2011033117                 -999           -999    -999.00    -999.00  9999999999  9999999999              -999.0         -999.0
    2010060100    2015063023   44.1000        44    235.00            0.98  2011050203  2011051422                 -999           -999    -999.00    -999.00  9999999999  9999999999              -999.0         -999.0
    2010060100    2015063023   45.1000        45    220.00            1.19  2011051015  2011052219                 -999           -999    -999.00    -999.00  9999999999  9999999999              -999.0         -999.0
    2010060100    2015063023   46.1000        46    272.00           -0.23  2011051720  2011060104                 -999           -999    -999.00    -999.00  9999999999  9999999999              -999.0         -999.0
    2010060100    2015063023   46.2000        46    232.00            6.14  2011051720  2011053012                 -999           -999    -999.00    -999.00  9999999999  9999999999              -999.0         -999.0
    2010060100    2015063023   47.1000        47    513.00            0.31  2011051907  2011061216                 -999           -999    -999.00    -999.00  9999999999  9999999999              -999.0         -999.0
    2010060100    2015063023   48.1000        48    221.00            4.57  2011052714  2011060819                 -999           -999    -999.00    -999.00  9999999999  9999999999              -999.0         -999.0
    2010060100    2015063023   49.1000        49    324.00            3.57  2011052811  2011061323                 -999           -999    -999.00    -999.00  9999999999  9999999999              -999.0         -999.0
    2010060100    2015063023   50.1000        50    480.00           -0.01  2011052920  2011062120                 -999           -999    -999.00    -999.00  9999999999  9999999999              -999.0         -999.0
    2010060100    2015063023   52.1000        52    184.00            1.12  2011060900  2011061916                 -999           -999    -999.00    -999.00  9999999999  9999999999              -999.0         -999.0
    2010060100    2015063023   53.1000        53    204.00           -2.77  2011061206  2011062318                 -999           -999    -999.00    -999.00  9999999999  9999999999              -999.0         -999.0
    2010060100    2015063023   54.1000        54    375.00           -1.44  2011062110  2011071001                 -999           -999    -999.00    -999.00  9999999999  9999999999              -999.0         -999.0
    2010060100    2015063023   55.1000        55    226.00            1.20  2011062204  2011070414                 -999           -999    -999.00    -999.00  9999999999  9999999999              -999.0         -999.0
    2010060100    2015063023   56.1000        56    200.00            5.40  2011062905  2011071013                 -999           -999    -999.00    -999.00  9999999999  9999999999              -999.0         -999.0
    2010060100    2015063023   59.1000        59    193.00           -5.31  2011072511  2011080512                 -999           -999    -999.00    -999.00  9999999999  9999999999              -999.0         -999.0
    2010060100    2015063023   61.1000        61    465.00            1.45  2011081614  2011090723                 -999           -999    -999.00    -999.00  9999999999  9999999999              -999.0         -999.0
    2010060100    2015063023   62.1000        62    174.00           -1.36  2011082010  2011083016                 -999           -999    -999.00    -999.00  9999999999  9999999999              -999.0         -999.0
    2010060100    2015063023   63.1000        63    305.00           -0.43  2011090812  2011092405                 -999           -999    -999.00    -999.00  9999999999  9999999999              -999.0         -999.0
    2010060100    2015063023   64.1000        64    361.00            2.57  2011100313  2011102114                 -999           -999    -999.00    -999.00  9999999999  9999999999              -999.0         -999.0
    2010060100    2015063023   65.1000        65    242.00           -0.03  2011100410  2011101712                 -999           -999    -999.00    -999.00  9999999999  9999999999              -999.0         -999.0
    2010060100    2015063023   67.1000        67    199.00           -1.41  2011110621  2011111804                 -999           -999    -999.00    -999.00  9999999999  9999999999              -999.0         -999.0
    2010060100    2015063023   68.1000        68    247.00           -2.67  2011110713  2011112020                 -999           -999    -999.00    -999.00  9999999999  9999999999              -999.0         -999.0
    2010060100    2015063023   71.1000        71    172.00            2.03  2012010223  2012011303                 -999           -999    -999.00    -999.00  9999999999  9999999999              -999.0         -999.0
    2010060100    2015063023   72.1000        72    214.00           -0.97  2012010315  2012011513                 -999           -999    -999.00    -999.00  9999999999  9999999999              -999.0         -999.0
    2010060100    2015063023   73.1000        73    168.00           -1.19  2012010808  2012011808                 -999           -999    -999.00    -999.00  9999999999  9999999999              -999.0         -999.0
    2010060100    2015063023   74.1000        74    173.00           -0.19  2012011121  2012012202                 -999           -999    -999.00    -999.00  9999999999  9999999999              -999.0         -999.0
    2010060100    2015063023   75.1000        75    311.00           -3.07  2012011409  2012013008                 -999           -999    -999.00    -999.00  9999999999  9999999999              -999.0         -999.0
    2010060100    2015063023   76.1000        76    296.00            0.41  2012011515  2012013023                 -999           -999    -999.00    -999.00  9999999999  9999999999              -999.0         -999.0
    2010060100    2015063023   77.1000        77    169.00           -3.51  2012020517  2012021518                 -999           -999    -999.00    -999.00  9999999999  9999999999              -999.0         -999.0
    2010060100    2015063023   78.1000        78    358.00           -4.06  2012021805  2012030703                 -999           -999    -999.00    -999.00  9999999999  9999999999              -999.0         -999.0
    2010060100    2015063023   80.1000        80    202.00           -0.66  2012041615  2012042801                 -999           -999    -999.00    -999.00  9999999999  9999999999              -999.0         -999.0
    2010060100    2015063023   81.1000        81    177.00            0.96  2012042913  2012050922                 -999           -999    -999.00    -999.00  9999999999  9999999999              -999.0         -999.0
    2010060100    2015063023   82.1000        82    170.00           -2.51  2012042917  2012050919                 -999           -999    -999.00    -999.00  9999999999  9999999999              -999.0         -999.0
    2010060100    2015063023   84.1000        84    195.00           -3.05  2012051520  2012052623                 -999           -999    -999.00    -999.00  9999999999  9999999999              -999.0         -999.0
    2010060100    2015063023   84.2000        84    162.00            3.40  2012051705  2012052623                 -999           -999    -999.00    -999.00  9999999999  9999999999              -999.0         -999.0
    2010060100    2015063023   86.1000        86    242.00            2.62  2012052222  2012060500                 -999           -999    -999.00    -999.00  9999999999  9999999999              -999.0         -999.0
    2010060100    2015063023   87.1000        87    306.00           -0.18  2012060614  2012062208                 -999           -999    -999.00    -999.00  9999999999  9999999999              -999.0         -999.0
    2010060100    2015063023   88.1000        88    581.00           -2.55  2012060805  2012070510                 -999           -999    -999.00    -999.00  9999999999  9999999999              -999.0         -999.0
    2010060100    2015063023   88.2000        88    326.00           -0.81  2012060805  2012062419                 -999           -999    -999.00    -999.00  9999999999  9999999999              -999.0         -999.0
    2010060100    2015063023   88.3000        88    329.00           -7.19  2012061817  2012070510                 -999           -999    -999.00    -999.00  9999999999  9999999999              -999.0         -999.0
    2010060100    2015063023   88.4000        88    279.00            0.25  2012061817  2012070308                 -999           -999    -999.00    -999.00  9999999999  9999999999              -999.0         -999.0
    2010060100    2015063023   88.5000        88    585.00           -2.65  2012060801  2012070510                 -999           -999    -999.00    -999.00  9999999999  9999999999              -999.0         -999.0
    2010060100    2015063023   88.6000        88    330.00           -0.89  2012060801  2012062419                 -999           -999    -999.00    -999.00  9999999999  9999999999              -999.0         -999.0
    2010060100    2015063023   89.1000        89    279.00            0.18  2012061505  2012062920                 -999           -999    -999.00    -999.00  9999999999  9999999999              -999.0         -999.0
    2010060100    2015063023   90.1000        90    273.00           -1.73  2012063023  2012071508                 -999           -999    -999.00    -999.00  9999999999  9999999999              -999.0         -999.0
    2010060100    2015063023   92.2000        92    551.00           -0.41  2012071319  2012080818                 -999           -999    -999.00    -999.00  9999999999  9999999999              -999.0         -999.0
    2010060100    2015063023   92.3000        92    592.00           -2.11  2012071319  2012081011                 -999           -999    -999.00    -999.00  9999999999  9999999999              -999.0         -999.0
    2010060100    2015063023   92.5000        92    600.00            1.54  2012071118  2012080818                 -999           -999    -999.00    -999.00  9999999999  9999999999              -999.0         -999.0
    2010060100    2015063023   92.6000        92    641.00           -0.06  2012071118  2012081011                 -999           -999    -999.00    -999.00  9999999999  9999999999              -999.0         -999.0
    2010060100    2015063023   93.1000        93    186.00           -0.75  2012071200  2012072218                 -999           -999    -999.00    -999.00  9999999999  9999999999              -999.0         -999.0
    2010060100    2015063023   94.1000        94    242.00           -0.96  2012080119  2012081421                 -999           -999    -999.00    -999.00  9999999999  9999999999              -999.0         -999.0
    2010060100    2015063023   95.1000        95    215.00            7.47  2012080210  2012081409                 -999           -999    -999.00    -999.00  9999999999  9999999999              -999.0         -999.0
    2010060100    2015063023   96.2000        96    441.00           -0.72  2012080914  2012083023                 -999           -999    -999.00    -999.00  9999999999  9999999999              -999.0         -999.0
    2010060100    2015063023   96.3000        96    329.00            0.71  2012080418  2012082111                 -999           -999    -999.00    -999.00  9999999999  9999999999              -999.0         -999.0
    2010060100    2015063023   97.1000        97    212.00           -3.52  2012080423  2012081619                 -999           -999    -999.00    -999.00  9999999999  9999999999              -999.0         -999.0
    2010060100    2015063023   98.1000        98    332.00           -6.85  2012081417  2012083113                 -999           -999    -999.00    -999.00  9999999999  9999999999              -999.0         -999.0
    2010060100    2015063023  100.1000       100    206.00            1.39  2012082322  2012090412                 -999           -999    -999.00    -999.00  9999999999  9999999999              -999.0         -999.0
    2010060100    2015063023  101.1000       101    169.00           -0.25  2012091315  2012092316                 -999           -999    -999.00    -999.00  9999999999  9999999999              -999.0         -999.0
    2010060100    2015063023  102.1000       102    307.00           -2.31  2012091519  2012100114                 -999           -999    -999.00    -999.00  9999999999  9999999999              -999.0         -999.0
    2010060100    2015063023  103.1000       103    499.00           -1.42  2012092320  2012101715                 -999           -999    -999.00    -999.00  9999999999  9999999999              -999.0         -999.0
    2010060100    2015063023  104.1000       104    170.00           -1.52  2012092807  2012100809                 -999           -999    -999.00    -999.00  9999999999  9999999999              -999.0         -999.0
    2010060100    2015063023  105.1000       105    324.00            0.41  2012092923  2012101611                 -999           -999    -999.00    -999.00  9999999999  9999999999              -999.0         -999.0
    2010060100    2015063023  106.1000       106    305.00           -0.51  2012100523  2012102116                 -999           -999    -999.00    -999.00  9999999999  9999999999              -999.0         -999.0
    2010060100    2015063023  107.1000       107    183.00            4.38  2012101319  2012102410                 -999           -999    -999.00    -999.00  9999999999  9999999999              -999.0         -999.0
    2010060100    2015063023  108.1000       108    217.00           -4.57  2012101903  2012103104                 -999           -999    -999.00    -999.00  9999999999  9999999999              -999.0         -999.0
    2010060100    2015063023  109.1000       109    217.00            0.65  2012101923  2012110100                 -999           -999    -999.00    -999.00  9999999999  9999999999              -999.0         -999.0
    2010060100    2015063023  112.1000       112    253.00            0.29  2012110222  2012111611                 -999           -999    -999.00    -999.00  9999999999  9999999999              -999.0         -999.0
    2010060100    2015063023  113.1000       113    570.00           -3.05  2012111004  2012120622                 -999           -999    -999.00    -999.00  9999999999  9999999999              -999.0         -999.0
    2010060100    2015063023  114.1000       114    352.00           -1.83  2012112414  2012121206                 -999           -999    -999.00    -999.00  9999999999  9999999999              -999.0         -999.0
    2010060100    2015063023  115.1000       115    295.00           -0.67  2012120509  2012122016                 -999           -999    -999.00    -999.00  9999999999  9999999999              -999.0         -999.0
    2010060100    2015063023  115.2000       115    350.00           -6.08  2012120509  2012122223                 -999           -999    -999.00    -999.00  9999999999  9999999999              -999.0         -999.0
    2010060100    2015063023  117.1000       117    102.00           -3.50  2012122018  2012122800                 -999           -999    -999.00    -999.00  9999999999  9999999999              -999.0         -999.0
    2010060100    2015063023  118.1000       118    290.00            1.35  2012122220  2013010622                 -999           -999    -999.00    -999.00  9999999999  9999999999              -999.0         -999.0
    2010060100    2015063023  119.1000       119    327.00            2.14  2013011315  2013013006                 -999           -999    -999.00    -999.00  9999999999  9999999999              -999.0         -999.0
    2010060100    2015063023  120.1000       120    372.00           -1.52  2013011822  2013020610                 -999           -999    -999.00    -999.00  9999999999  9999999999              -999.0         -999.0
    2010060100    2015063023  121.1000       121    318.00           -1.56  2013013111  2013021617                 -999           -999    -999.00    -999.00  9999999999  9999999999              -999.0         -999.0
    2010060100    2015063023  124.1000       124    174.00            0.39  2013021310  2013022316                 -999           -999    -999.00    -999.00  9999999999  9999999999              -999.0         -999.0
    2010060100    2015063023  126.1000       126    178.00           -2.28  2013032218  2013040204                 -999           -999    -999.00    -999.00  9999999999  9999999999              -999.0         -999.0
    2010060100    2015063023  128.1000       128    346.00            1.77  2013041213  2013042923                 -999           -999    -999.00    -999.00  9999999999  9999999999              -999.0         -999.0
    2010060100    2015063023  129.1000       129    289.00            3.95  2013041918  2013050419                 -999           -999    -999.00    -999.00  9999999999  9999999999              -999.0         -999.0
    2010060100    2015063023  130.1000       130    299.00            2.21  2013042404  2013050915                 -999           -999    -999.00    -999.00  9999999999  9999999999              -999.0         -999.0
    2010060100    2015063023  132.1000       132    271.00           -2.26  2013052118  2013060501                 -999           -999    -999.00    -999.00  9999999999  9999999999              -999.0         -999.0
    2010060100    2015063023  133.1000       133    216.00            1.22  2013052414  2013060514                 -999           -999    -999.00    -999.00  9999999999  9999999999              -999.0         -999.0
    2010060100    2015063023  134.1000       134    179.00            5.34  2013052614  2013060601                 -999           -999    -999.00    -999.00  9999999999  9999999999              -999.0         -999.0
    2010060100    2015063023  136.1000       136    255.00            0.53  2013061808  2013070123                 -999           -999    -999.00    -999.00  9999999999  9999999999              -999.0         -999.0
    2010060100    2015063023  137.1000       137    282.00            2.80  2013062409  2013070903                 -999           -999    -999.00    -999.00  9999999999  9999999999              -999.0         -999.0
    2010060100    2015063023  138.3000       138    740.00            1.13  2013070507  2013080803                 -999           -999    -999.00    -999.00  9999999999  9999999999              -999.0         -999.0
    2010060100    2015063023  138.4000       138    881.00            0.03  2013070507  2013081400                 -999           -999    -999.00    -999.00  9999999999  9999999999              -999.0         -999.0
    2010060100    2015063023  139.1000       139    232.00            3.26  2013070614  2013071906                 -999           -999    -999.00    -999.00  9999999999  9999999999              -999.0         -999.0
    2010060100    2015063023  139.2000       139    246.00           11.68  2013070614  2013071920                 -999           -999    -999.00    -999.00  9999999999  9999999999              -999.0         -999.0
    2010060100    2015063023  140.2000       140    670.00           -0.11  2013080511  2013090509                 -999           -999    -999.00    -999.00  9999999999  9999999999              -999.0         -999.0
    2010060100    2015063023  140.3000       140    375.00            0.43  2013081104  2013082919                 -999           -999    -999.00    -999.00  9999999999  9999999999              -999.0         -999.0
    2010060100    2015063023  141.1000       141    276.00            0.16  2013081623  2013083111                 -999           -999    -999.00    -999.00  9999999999  9999999999              -999.0         -999.0
    2010060100    2015063023  143.1000       143    237.00            0.68  2013090808  2013092105                 -999           -999    -999.00    -999.00  9999999999  9999999999              -999.0         -999.0
    2010060100    2015063023  144.1000       144    181.00            4.14  2013091820  2013092909                 -999           -999    -999.00    -999.00  9999999999  9999999999              -999.0         -999.0
    2010060100    2015063023  145.1000       145    220.00           -2.60  2013100219  2013101423                 -999           -999    -999.00    -999.00  9999999999  9999999999              -999.0         -999.0
    2010060100    2015063023  146.1000       146    233.00            1.24  2013101208  2013102501                 -999           -999    -999.00    -999.00  9999999999  9999999999              -999.0         -999.0
    2010060100    2015063023  147.1000       147    296.00           -0.46  2013101311  2013102819                 -999           -999    -999.00    -999.00  9999999999  9999999999              -999.0         -999.0
    2010060100    2015063023  148.1000       148    225.00            1.71  2013101619  2013102904                 -999           -999    -999.00    -999.00  9999999999  9999999999              -999.0         -999.0
    2010060100    2015063023  149.1000       149    208.00           -4.99  2013101708  2013102900                 -999           -999    -999.00    -999.00  9999999999  9999999999              -999.0         -999.0
    2010060100    2015063023  150.1000       150    288.00           -1.70  2013102911  2013111311                 -999           -999    -999.00    -999.00  9999999999  9999999999              -999.0         -999.0
    2010060100    2015063023  150.2000       150    284.00           -5.10  2013102911  2013111307                 -999           -999    -999.00    -999.00  9999999999  9999999999              -999.0         -999.0
    2010060100    2015063023  153.1000       153    210.00           -0.12  2013121414  2013122608                 -999           -999    -999.00    -999.00  9999999999  9999999999              -999.0         -999.0
    2010060100    2015063023  154.1000       154    184.00           -2.03  2013121603  2013122619                 -999           -999    -999.00    -999.00  9999999999  9999999999              -999.0         -999.0
    2010060100    2015063023  156.1000       156    336.00           -1.10  2013122505  2014011105                 -999           -999    -999.00    -999.00  9999999999  9999999999              -999.0         -999.0
    2010060100    2015063023  157.1000       157    321.00           -0.52  2014012812  2014021321                 -999           -999    -999.00    -999.00  9999999999  9999999999              -999.0         -999.0
    2010060100    2015063023  161.1000       161    261.00            1.69  2014032601  2014040822                 -999           -999    -999.00    -999.00  9999999999  9999999999              -999.0         -999.0
    2010060100    2015063023  162.1000       162    252.00           12.17  2014051000  2014052312                 -999           -999    -999.00    -999.00  9999999999  9999999999              -999.0         -999.0
    2010060100    2015063023  162.2000       162    251.00            7.28  2014051000  2014052311                 -999           -999    -999.00    -999.00  9999999999  9999999999              -999.0         -999.0
    2010060100    2015063023  163.1000       163    485.00            0.38  2014052110  2014061315                 -999           -999    -999.00    -999.00  9999999999  9999999999              -999.0         -999.0
    2010060100    2015063023  164.1000       164    339.00            1.05  2014052805  2014061408                 -999           -999    -999.00    -999.00  9999999999  9999999999              -999.0         -999.0
    2010060100    2015063023  165.1000       165    218.00            0.60  2014052811  2014060913                 -999           -999    -999.00    -999.00  9999999999  9999999999              -999.0         -999.0
    2010060100    2015063023  166.1000       166    174.00            1.15  2014060517  2014061523                 -999           -999    -999.00    -999.00  9999999999  9999999999              -999.0         -999.0
    2010060100    2015063023  167.2000       167    243.00            2.58  2014061610  2014062913                 -999           -999    -999.00    -999.00  9999999999  9999999999              -999.0         -999.0
    2010060100    2015063023  168.1000       168    213.00           -0.23  2014061013  2014062210                 -999           -999    -999.00    -999.00  9999999999  9999999999              -999.0         -999.0
    2010060100    2015063023  169.1000       169    295.00           -3.03  2014062008  2014070515                 -999           -999    -999.00    -999.00  9999999999  9999999999              -999.0         -999.0
    2010060100    2015063023  171.1000       171    234.00            0.04  2014072910  2014081104                 -999           -999    -999.00    -999.00  9999999999  9999999999              -999.0         -999.0
    2010060100    2015063023  172.1000       172    189.00            2.59  2014081102  2014082123                 -999           -999    -999.00    -999.00  9999999999  9999999999              -999.0         -999.0
    2010060100    2015063023  174.1000       174    211.00           -5.44  2014081615  2014082810                 -999           -999    -999.00    -999.00  9999999999  9999999999              -999.0         -999.0
    2010060100    2015063023  175.1000       175    295.00           -0.91  2014090409  2014091916                 -999           -999    -999.00    -999.00  9999999999  9999999999              -999.0         -999.0
    2010060100    2015063023  176.1000       176    174.00            2.55  2014090510  2014091516                 -999           -999    -999.00    -999.00  9999999999  9999999999              -999.0         -999.0
    2010060100    2015063023  177.1000       177    326.00           -5.53  2014090715  2014092405                 -999           -999    -999.00    -999.00  9999999999  9999999999              -999.0         -999.0
    2010060100    2015063023  177.2000       177    333.00           -1.26  2014090715  2014092412                 -999           -999    -999.00    -999.00  9999999999  9999999999              -999.0         -999.0
    2010060100    2015063023  177.3000       177    285.00           -0.32  2014090908  2014092405                 -999           -999    -999.00    -999.00  9999999999  9999999999              -999.0         -999.0
    2010060100    2015063023  177.4000       177    292.00            4.52  2014090908  2014092412                 -999           -999    -999.00    -999.00  9999999999  9999999999              -999.0         -999.0
    2010060100    2015063023  178.1000       178    172.00           -1.55  2014091617  2014092621                 -999           -999    -999.00    -999.00  9999999999  9999999999              -999.0         -999.0
    2010060100    2015063023  179.1000       179    552.00           -1.55  2014091900  2014101500                 -999           -999    -999.00    -999.00  9999999999  9999999999              -999.0         -999.0
    2010060100    2015063023  179.3000       179    250.00            5.57  2014100114  2014101500                 -999           -999    -999.00    -999.00  9999999999  9999999999              -999.0         -999.0
    2010060100    2015063023  179.4000       179    232.00           -2.66  2014100114  2014101406                 -999           -999    -999.00    -999.00  9999999999  9999999999              -999.0         -999.0
    2010060100    2015063023  179.5000       179    514.00           -2.02  2014092014  2014101500                 -999           -999    -999.00    -999.00  9999999999  9999999999              -999.0         -999.0
    2010060100    2015063023  180.1000       180    176.00           -0.26  2014092410  2014100418                 -999           -999    -999.00    -999.00  9999999999  9999999999              -999.0         -999.0
    2010060100    2015063023  181.1000       181    454.00           -0.45  2014100421  2014102619                 -999           -999    -999.00    -999.00  9999999999  9999999999              -999.0         -999.0
    2010060100    2015063023  182.1000       182    197.00           -2.31  2014100801  2014101906                 -999           -999    -999.00    -999.00  9999999999  9999999999              -999.0         -999.0
    2010060100    2015063023  183.1000       183    273.00            2.54  2014101106  2014102515                 -999           -999    -999.00    -999.00  9999999999  9999999999              -999.0         -999.0
    2010060100    2015063023  184.1000       184    169.00            4.20  2014101321  2014102322                 -999           -999    -999.00    -999.00  9999999999  9999999999              -999.0         -999.0
    2010060100    2015063023  185.1000       185    411.00           -1.81  2014101819  2014110722                 -999           -999    -999.00    -999.00  9999999999  9999999999              -999.0         -999.0
    2010060100    2015063023  188.1000       188    179.00            1.24  2014121900  2014122911                 -999           -999    -999.00    -999.00  9999999999  9999999999              -999.0         -999.0
    2010060100    2015063023  189.1000       189    184.00            7.50  2014122110  2015010102                 -999           -999    -999.00    -999.00  9999999999  9999999999              -999.0         -999.0
    2010060100    2015063023  190.1000       190    169.00            0.61  2014122205  2015010106                 -999           -999    -999.00    -999.00  9999999999  9999999999              -999.0         -999.0
    2010060100    2015063023  191.1000       191    453.00            0.85  2014123022  2015012119                 -999           -999    -999.00    -999.00  9999999999  9999999999              -999.0         -999.0
    2010060100    2015063023  193.1000       193    967.00           -2.60  2015011415  2015022622                 -999           -999    -999.00    -999.00  9999999999  9999999999              -999.0         -999.0
    2010060100    2015063023  194.1000       194    169.00            4.68  2015011618  2015012619                 -999           -999    -999.00    -999.00  9999999999  9999999999              -999.0         -999.0
    2010060100    2015063023  195.1000       195    344.00            2.41  2015011804  2015020412                 -999           -999    -999.00    -999.00  9999999999  9999999999              -999.0         -999.0
    2010060100    2015063023  196.1000       196    183.00            0.48  2015013110  2015021101                 -999           -999    -999.00    -999.00  9999999999  9999999999              -999.0         -999.0
    2010060100    2015063023  197.1000       197    182.00           -4.39  2015020313  2015021403                 -999           -999    -999.00    -999.00  9999999999  9999999999              -999.0         -999.0
    2010060100    2015063023  198.1000       198    406.00           -1.41  2015021109  2015030307                 -999           -999    -999.00    -999.00  9999999999  9999999999              -999.0         -999.0
    2010060100    2015063023  200.1000       200    271.00            2.26  2015022820  2015031503                 -999           -999    -999.00    -999.00  9999999999  9999999999              -999.0         -999.0
    2010060100    2015063023  201.2000       201    714.00           -2.39  2015031112  2015041306                 -999           -999    -999.00    -999.00  9999999999  9999999999              -999.0         -999.0
    2010060100    2015063023  202.1000       202    225.00            3.10  2015031423  2015032708                 -999           -999    -999.00    -999.00  9999999999  9999999999              -999.0         -999.0
    2010060100    2015063023  204.1000       204    174.00           -1.30  2015041404  2015042410                 -999           -999    -999.00    -999.00  9999999999  9999999999              -999.0         -999.0
    2010060100    2015063023  205.1000       205    226.00            1.58  2015042010  2015050220                 -999           -999    -999.00    -999.00  9999999999  9999999999              -999.0         -999.0
    2010060100    2015063023  208.1000       208    196.00            1.45  2015050701  2015051805                 -999           -999    -999.00    -999.00  9999999999  9999999999              -999.0         -999.0
    2010060100    2015063023  209.1000       209    233.00            0.23  2015051421  2015052714                 -999           -999    -999.00    -999.00  9999999999  9999999999              -999.0         -999.0
    2010060100    2015063023  210.1000       210    246.00            4.37  2015051711  2015053017                 -999           -999    -999.00    -999.00  9999999999  9999999999              -999.0         -999.0
