begin_year lpt_index  lptgroup  duration  mean_zonal_spd       begin         end    volrain      eprop_begin_idx  eprop_end_idx  eprop_spd  eprop_dur eprop_begin   eprop_end     eprop_lon_begin  eprop_lon_end
      1998    2.0100         2     16.50            0.00  1998061118  1998062806       0.00                   28             97       1.18       8.62  1998061503  1998062318               251.9          279.9
      1998    5.0100         5     36.50            0.00  1998071406  1998081918       0.00                    3            151       2.56      18.50  1998071412  1998080200                77.2          128.8
      1998   12.0100        12     15.62            0.00  1998091921  1998100512       0.00                   17             98       6.87      10.12  1998092121  1998100200                88.8          130.5
      1998   19.0100        19      9.12            0.00  1998112703  1998120606       0.00                    4             68       1.57       8.75  1998112712  1998120606               291.5          306.4
      1998   24.0200        24     14.88            0.00  1998122603  1999011000       0.00                    1            120       4.00      14.88  1998122603  1999011000                97.5          152.3
      1998   26.0300        26     37.38            0.00  1999011815  1999022500       0.00                   33            266       4.63      29.12  1999012215  1999022018                85.2          188.1
      1998   30.0100        30     16.75            0.00  1999031303  1999032921       0.00                   59            135       9.79       9.50  1999032009  1999032921                93.7          167.1
      1998   34.0100        34     26.25            0.00  1999051906  1999061412       0.00                    1            149       0.83      18.50  1999051906  1999060618                88.7          114.2
      1999   10.0100        10     27.12            0.00  1999081800  1999091403       0.00                    8            117       2.01      13.62  1999081821  1999090112                72.8           97.4
      1999   15.0100        15     19.38            0.00  1999092109  1999101018       0.00                    2             67       4.50       8.12  1999092112  1999092915                69.7           95.1
      1999   19.0100        19     23.75            0.00  1999101518  1999110812       0.00                   99            159       1.19       7.50  1999102800  1999110412                97.4          112.4
      1999   24.0100        24     23.88            0.00  1999112621  1999122018       0.00                    9            192       4.75      22.88  1999112721  1999122018                71.7          149.1
      1999   27.0100        27     14.12            0.00  1999122212  2000010515       0.00                    5            114       0.62      13.62  1999122300  2000010515               299.8          322.5
      1999   28.0100        28     15.00            0.00  1999122918  2000011318       0.00                   30             98       8.35       8.50  2000010209  2000011021                74.7          126.9
      1999   30.0200        30     35.12            0.00  2000011318  2000021721       0.00                  120            185       3.31       8.62  2000012815  2000020606               105.2          143.7
      1999   34.0100        34     17.62            0.00  2000021609  2000030500       0.00                    6             85       2.54       9.88  2000021700  2000022621                72.7           97.2
      1999   39.0100        39      9.75            0.00  2000032321  2000040215       0.00                   16             79       7.51       7.88  2000032518  2000040215               294.5          337.3
      1999   40.0100        40     11.25            0.00  2000040806  2000041912       0.00                   27             91       8.31       8.00  2000041112  2000041912               297.2          342.7
      2000    9.0100         9     17.00            0.00  2000091300  2000093000       0.00                    1             80       2.88       9.88  2000091300  2000092221                68.3           92.4
      2000   12.0100        12     26.00            0.00  2000092809  2000102409       0.00                   30            153       0.82      15.50  2000100200  2000101712                93.0          113.2
      2000   14.0200        14     40.25            0.00  2000111018  2000122100       0.00                    9            322       4.87      39.25  2000111118  2000122100                77.2          227.3
      2000   16.0100        16     16.50            0.00  2000121806  2001010318       0.00                    7            133       6.09      15.75  2000121900  2001010318                84.5          158.4
      2000   22.0100        22     44.62            0.00  2001012203  2001030718       0.00                   19            331       3.20      39.00  2001012409  2001030409                80.8          186.9
      2000   27.0100        27      9.12            0.00  2001041012  2001041915       0.00                    1             74       5.95       9.12  2001041012  2001041915               313.4          357.1
      2000   28.0100        28      7.75            0.00  2001041912  2001042706       0.00                    3             63       6.67       7.50  2001041918  2001042706               148.2          187.4
      2000   29.0100        29     14.62            0.00  2001042000  2001050415       0.00                    1             77       3.46       9.50  2001042000  2001042912                67.4           92.7
      2001    0.0200         0     37.12            0.00  2001060621  2001071400       0.00                   31            196       4.58      20.62  2001061100  2001070115                70.9          140.9
      2001    3.0100         3     52.25            0.00  2001072103  2001091109       0.00                    1            248       3.34      30.88  2001072103  2001082100                73.5          149.9
      2001    5.0100         5     10.62            0.00  2001082912  2001090903       0.00                    1             75       2.15      10.62  2001082912  2001090903                77.7           97.0
      2001   10.0100        10     25.50            0.00  2001100415  2001103003       0.00                   47            205       1.62      19.75  2001101009  2001103003               124.0          159.6
      2001   14.0200        14     12.25            0.00  2001111503  2001112709       0.00                    1             99       4.62      12.25  2001111503  2001112709                98.4          141.2
      2001   15.0200        15     42.62            0.00  2001120100  2002011215       0.00                    1            225       3.45      28.00  2001120100  2001122900               112.6          190.4
      2001   19.0200        19     59.00            0.00  2002010721  2002030721       0.00                   23            306       2.95      35.38  2002011015  2002021500                62.9          174.3
      2001   27.0100        27      7.88            0.00  2002041100  2002041821       0.00                    1             60       9.57       7.88  2002041100  2002041821               301.4          356.7
      2001   29.0100        29     23.75            0.00  2002042509  2002051903       0.00                   62            148      11.71      10.75  2002050312  2002051406                71.5          158.1
      2001   31.0100        31     21.12            0.00  2002052009  2002061012       0.00                   71            128       2.17       8.38  2002052903  2002060612               250.1          264.3
      2002    3.0100         3     22.75            0.00  2002060400  2002062618       0.00                   11            177       8.77      20.75  2002060506  2002062600                69.1          194.9
      2002    3.0200         3     42.88            0.00  2002060400  2002071621       0.00                  117            206       4.00      11.12  2002062012  2002070115               119.1          157.9
      2002    6.0700         6     27.75            0.00  2002072700  2002082318       0.00                    1            223       3.63      27.75  2002072700  2002082318                72.7          155.5
      2002   16.0100        16     25.38            0.00  2002110321  2002112906       0.00                   89            204       3.83      14.38  2002111421  2002112906                76.4          113.4
      2002   20.0200        20     33.38            0.00  2002121421  2003011706       0.00                    1            268       5.56      33.38  2002121421  2003011706                67.1          184.6
      2002   22.0100        22     28.12            0.00  2003012218  2003021921       0.00                   35            226       2.36      23.88  2003012700  2003021921               167.3          238.2
      2002   23.0100        23     14.88            0.00  2003012421  2003020818       0.00                    8            110       3.64      12.75  2003012518  2003020712                76.0          113.0
      2002   25.0100        25     17.75            0.00  2003021300  2003030218       0.00                   20            142       2.29      15.25  2003021509  2003030215               131.2          154.6
      2002   30.0400        30     20.62            0.00  2003032718  2003041709       0.00                   28            166       3.78      17.25  2003033103  2003041709               135.4          188.3
      2002   34.0100        34     26.88            0.00  2003050103  2003052800       0.00                    3            216       5.75      26.62  2003050109  2003052800                48.4          171.9
      2003    2.0100         2     15.25            0.00  2003060306  2003061812       0.00                    1            108       0.74      15.25  2003060306  2003061812                59.9           72.1
      2003   10.0200        10     25.75            0.00  2003080318  2003082912       0.00                    1            138       3.96      19.38  2003080318  2003082303                62.7          120.9
      2003   14.0200        14     32.38            0.00  2003092406  2003102615       0.00                   52            242       3.37      23.75  2003093015  2003102409                77.2          142.0
      2003   18.0100        18     19.62            0.00  2003110303  2003112218       0.00                   71            158       4.61      10.88  2003111121  2003112218                73.2          110.0
      2003   20.0100        20     52.88            0.00  2003112612  2004011809       0.00                   95            410       4.44      41.12  2003120806  2004011809                98.3          237.6
      2003   23.0100        23     27.38            0.00  2004012112  2004021721       0.00                   26            206       6.10      22.50  2004012415  2004021603                54.7          174.1
      2003   27.0400        27     27.00            0.00  2004022815  2004032615       0.00                    1            217       4.71      27.00  2004022815  2004032615                72.5          164.6
      2003   31.0100        31     17.50            0.00  2004042803  2004051515       0.00                   50            133      10.33      10.38  2004050406  2004051415                80.9          153.2
      2003   35.0100        35     11.75            0.00  2004052915  2004061009       0.00                   30             87       5.74       7.12  2004060206  2004060909               123.1          165.3
      2004    0.0100         0     35.38            0.00  2004060100  2004070609       0.00                   11             68       5.74       7.12  2004060206  2004060909               123.1          165.3
      2004    1.0100         1     19.00            0.00  2004060409  2004062309       0.00                   11             67       1.59       7.00  2004060515  2004061215                81.8           98.7
      2004    4.0100         4     44.25            0.00  2004071818  2004090100       0.00                    4            227       3.37      27.88  2004071903  2004081600                92.3          147.8
      2004   12.0200        12     20.88            0.00  2004092021  2004101118       0.00                    1            168       4.46      20.88  2004092021  2004101118                72.7          143.9
      2004   13.0100        13     26.88            0.00  2004101812  2004111409       0.00                    1            155       2.21      19.25  2004101812  2004110618                57.2           90.8
      2004   16.0200        16     12.75            0.00  2004111500  2004112718       0.00                   17             87       4.77      10.50  2004111700  2004112712                82.9          112.1
      2004   17.0100        17     27.00            0.00  2004112515  2004122215       0.00                   56            125       3.97       8.62  2004120212  2004121103               144.8          177.8
      2004   19.0100        19     37.25            0.00  2004122306  2005012912       0.00                   19            120       7.44      12.62  2004122512  2005010703               111.8          169.2
      2004   19.0100        19     37.25            0.00  2004122306  2005012912       0.00                  235            299       6.68       8.00  2005012112  2005012912               132.8          178.3
      2004   22.0100        22     47.75            0.00  2005012906  2005031800       0.00                   61            194       2.21      16.62  2005020518  2005022209               171.0          219.0
      2004   22.0100        22     47.75            0.00  2005012906  2005031800       0.00                  208            278       2.08       8.75  2005022403  2005030421               172.7          186.5
      2004   28.0100        28     34.75            0.00  2005032709  2005050103       0.00                   32            216       4.99      23.00  2005033106  2005042306                95.1          182.5
      2004   29.0100        29     12.50            0.00  2005042903  2005051115       0.00                   18             94       3.74       9.50  2005050106  2005051018                68.8           93.4
      2004   30.0100        30      9.62            0.00  2005051321  2005052312       0.00                    1             67       5.58       8.25  2005051321  2005052203               279.0          308.2
      2004   31.0100        31     31.75            0.00  2005052406  2005062500       0.00                  153            247       1.54      11.88  2005061206  2005062403                88.7          110.6
      2005   10.0400        10     33.00            0.00  2005082812  2005093012       0.00                    1            183       2.34      22.75  2005082812  2005092006                68.6          127.2
      2005   14.0100        14     11.25            0.00  2005100518  2005101700       0.00                    1             91       3.60      11.25  2005100518  2005101700                68.0          100.8
      2005   20.0100        20     13.88            0.00  2005111415  2005112812       0.00                   12             75       3.30       7.88  2005111600  2005112321                88.8          107.5
      2005   22.0100        22      9.50            0.00  2005120518  2005121506       0.00                    1             72       2.84       8.88  2005120518  2005121415               134.8          148.4
      2005   23.0100        23     29.12            0.00  2005121006  2006010809       0.00                    3            107       2.87      13.00  2005121012  2005122312                82.1          133.2
      2005   24.0200        24     41.50            0.00  2006010518  2006021606       0.00                   53            331       3.21      35.00  2006011206  2006021606                90.3          188.2
      2005   27.0100        27     15.62            0.00  2006021009  2006022600       0.00                   36            115       3.38      11.25  2006021418  2006022600               143.9          179.7
      2005   28.0200        28     33.25            0.00  2006022021  2006032603       0.00                    1            214       4.28      26.62  2006022021  2006031912                76.5          172.2
      2005   31.0100        31     11.25            0.00  2006031700  2006032806       0.00                    1             91       1.81      11.25  2006031700  2006032806                80.4          102.9
      2005   34.0100        34     24.88            0.00  2006041418  2006050915       0.00                   82            157       3.62       9.38  2006042421  2006050406               132.7          156.8
      2005   38.0100        38      9.75            0.00  2006051712  2006052706       0.00                    5             79       6.01       9.25  2006051800  2006052706                92.1          131.0
      2006    0.0200         0     15.00            0.00  2006060106  2006061606       0.00                    5            121       2.57      14.50  2006060118  2006061606               257.4          290.6
      2006    2.0100         2     38.50            0.00  2006061418  2006072306       0.00                    5            173       4.32      21.00  2006061506  2006070606                72.5          148.3
      2006   10.0100        10     42.25            0.00  2006090421  2006101703       0.00                   11            256       3.81      30.62  2006090603  2006100618                73.6          164.0
      2006   19.0100        19     13.88            0.00  2006112715  2006121112       0.00                   33            112       5.03       9.88  2006120115  2006121112               163.3          198.6
      2006   20.0200        20     55.12            0.00  2006121521  2007020900       0.00                   29            315       5.12      36.12  2006121909  2007012412                65.6          196.8
      2006   22.0100        22     10.50            0.00  2007011600  2007012612       0.00                   15             85       6.34       8.75  2007011718  2007012612                65.1          110.7
      2006   31.0100        31     14.00            0.00  2007040509  2007041909       0.00                   25             91       5.05       8.38  2007041100  2007041909               140.8          175.0
      2006   34.0100        34     15.75            0.00  2007050609  2007052203       0.00                    1             67       7.89       8.25  2007050609  2007051415               118.8          165.2
      2007    1.0600         1     36.50            0.00  2007071521  2007082109       0.00                    1            245       2.01      30.50  2007071521  2007081509                75.2          131.4
      2007    1.0100         1     22.00            0.00  2007062518  2007071718       0.00                   22             99       8.41       9.62  2007062809  2007070800                99.5          152.7
      2007   13.0100        13     35.62            0.00  2007111015  2007121606       0.00                   84            150       7.35       8.25  2007112100  2007112906               133.9          192.8
      2007   14.0300        14     48.50            0.00  2007122112  2008020800       0.00                    8            262       3.64      31.75  2007122209  2008012303                73.3          182.0
      2007   14.0200        14     64.50            0.00  2007120512  2008020800       0.00                    5            150       4.35      18.12  2007120600  2007122403                66.4          129.7
      2007   17.0200        17     42.50            0.00  2008012012  2008030300       0.00                   18            275       4.82      32.12  2008012215  2008022318                51.3          183.6
      2007   22.0100        22     16.25            0.00  2008032312  2008040818       0.00                    6             96       1.12      11.25  2008032403  2008040409               311.0          337.4
      2007   23.0100        23     13.62            0.00  2008032609  2008040900       0.00                    1            110       4.01      13.62  2008032609  2008040900               126.2          171.7
      2007   24.0100        24     10.88            0.00  2008041603  2008042700       0.00                   16             85       2.44       8.62  2008041800  2008042615                85.4          100.5
      2007   27.0100        27     16.88            0.00  2008051800  2008060321       0.00                   67            134       7.34       8.38  2008052606  2008060315               267.6          309.7
      2008    1.0100         1     22.62            0.00  2008060509  2008062800       0.00                  124            182       3.83       7.25  2008062018  2008062800               137.6          170.7
      2008    2.0100         2     16.50            0.00  2008062918  2008071606       0.00                   12            127       0.55      14.38  2008070103  2008071512               258.9          272.4
      2008    4.0100         4     11.38            0.00  2008071106  2008072215       0.00                    1             74       1.22       9.12  2008071106  2008072009                76.7           91.7
      2008    5.0300         5     22.62            0.00  2008072021  2008081212       0.00                    1             99       8.63      12.25  2008072021  2008080203                64.3          135.7
      2008    7.0300         7     30.00            0.00  2008082100  2008092000       0.00                   14            241       2.01      28.38  2008082215  2008092000                94.0          134.6
      2008    7.0200         7     43.25            0.00  2008082100  2008100306       0.00                  208            347       1.12      17.38  2008091521  2008100306                91.9          141.7
      2008    9.0100         9     35.12            0.00  2008092721  2008110200       0.00                    1            253       2.10      34.25  2008092721  2008110103                70.7          142.9
      2008   13.0200        13     42.00            0.00  2008110703  2008121903       0.00                   57            289       0.98      29.00  2008111403  2008121303                80.5          121.5
      2008   20.0100        20     13.38            0.00  2009010809  2009012118       0.00                    9            103       3.89      11.75  2009010909  2009012103               111.1          144.8
      2008   21.0500        21     45.50            0.00  2009012403  2009031015       0.00                    1            365       2.01      45.50  2009012403  2009031015                65.4          154.5
      2008   22.0100        22     29.00            0.00  2009031200  2009041000       0.00                   20            184       3.12      20.50  2009031409  2009040321               135.1          187.3
      2008   29.0100        29     21.50            0.00  2009052800  2009061812       0.00                   44            108       2.90       8.00  2009060209  2009061009               132.6          164.4
      2009    0.0300         0      8.25            0.00  2009061006  2009061812       0.00                   10             67       5.98       7.12  2009061109  2009061812               132.4          160.2
      2009    9.0100         9     17.00            0.00  2009082306  2009090906       0.00                   31            110       4.94       9.88  2009082700  2009090521               105.0          160.1
      2009   10.0100        10      9.00            0.00  2009091100  2009092000       0.00                    1             73       4.08       9.00  2009091100  2009092000                71.4           97.8
      2009   11.0500        11     17.12            0.00  2009092106  2009100809       0.00                   37            132       3.09      11.88  2009092518  2009100715               102.9          170.6
      2009   14.0100        14     20.25            0.00  2009102915  2009111821       0.00                    2            163       2.39      20.12  2009102918  2009111821               260.4          299.8
      2009   15.0100        15     30.00            0.00  2009103121  2009113021       0.00                    1            241       3.47      30.00  2009103121  2009113021                67.1          153.4
      2009   19.0300        19     68.62            0.00  2010011406  2010032321       0.00                    5            392       1.66      48.38  2010011418  2010030403               116.4          215.8
      2009   19.0200        19     92.50            0.00  2009122109  2010032321       0.00                   10            220       5.45      26.25  2009122212  2010011718                63.6          168.2
      2009   19.0400        19     25.38            0.00  2010022612  2010032321       0.00                    1             58       2.90       7.12  2010022612  2010030515               163.5          200.8
      2009   24.0100        24     13.25            0.00  2010032418  2010040700       0.00                    5            107       1.64      12.75  2010032506  2010040700               140.4          158.7
      2009   29.0100        29     26.62            0.00  2010050306  2010052921       0.00                   24            198       1.69      21.75  2010050603  2010052721                54.7           95.6
      2010    6.0100         6     29.25            0.00  2010070912  2010080718       0.00                    8            100       6.36      11.50  2010071009  2010072121                74.0          127.8
      2010   10.0100        10     21.12            0.00  2010081115  2010090118       0.00                    1             91       2.87      11.25  2010081115  2010082221                70.5          111.3
      2010   16.0100        16     35.75            0.00  2010091818  2010102412       0.00                  133            287       2.03      19.25  2010100506  2010102412                97.4          123.3
      2010   16.0100        16     35.75            0.00  2010091818  2010102412       0.00                    1             84       3.55      10.38  2010091818  2010092903                74.8          110.5
      2010   19.0100        19     26.50            0.00  2010102300  2010111812       0.00                    4            115       1.52      13.88  2010102309  2010110606                94.1          120.6
      2010   21.0100        21     29.38            0.00  2010111906  2010121815       0.00                   30            236       1.99      25.75  2010112221  2010121815                84.4          118.0
      2010   23.0100        23     11.88            0.00  2010121803  2010123000       0.00                    1             57       6.26       7.00  2010121803  2010122503               107.9          144.0
      2010   25.0100        25     14.50            0.00  2010122421  2011010809       0.00                    1            105       4.79      13.00  2010122421  2011010621                84.8          129.4
      2010   26.0100        26     16.25            0.00  2011010415  2011012021       0.00                   11             80      11.99       8.62  2011010521  2011011412                91.5          152.5
      2010   28.0300        28     22.88            0.00  2011013103  2011022300       0.00                    2             85       8.29      12.38  2011013106  2011021215                70.0          144.4
      2010   35.0100        35     20.62            0.00  2011022215  2011031506       0.00                   11            124       1.83      14.12  2011022321  2011031000               133.9          157.0
      2010   36.0100        36     15.75            0.00  2011030118  2011031712       0.00                    1            118       0.83      15.75  2011030118  2011031712               307.1          326.8
      2010   37.0100        37     37.62            0.00  2011031609  2011042300       0.00                   73            195       2.63      15.25  2011032512  2011040918               118.6          175.4
      2010   39.0100        39     16.38            0.00  2011042712  2011051321       0.00                    3            132       7.86      16.12  2011042718  2011051321                78.4          162.9
      2010   42.0100        42      8.25            0.00  2011052200  2011053006       0.00                    1             67       4.67       8.25  2011052200  2011053006                59.5           88.8
      2011    2.0100         2     35.38            0.00  2011060118  2011070703       0.00                   37            207       5.23      21.25  2011060718  2011062900                90.4          176.6
      2011   12.0100        12     54.75            0.00  2011081303  2011100621       0.00                  289            409       3.86      15.00  2011091809  2011100309                90.2          132.2
      2011   17.0100        17     26.12            0.00  2011101615  2011111118       0.00                   43            205       3.84      20.25  2011102212  2011111118                64.6          121.0
      2011   21.0100        21     24.88            0.00  2011111818  2011121315       0.00                   32            158       5.86      15.75  2011112215  2011120809                60.0          132.0
      2011   22.0300        22     41.75            0.00  2011121509  2012012603       0.00                   16            203       5.71      23.38  2011121706  2012010915                82.6          203.8
      2011   30.0100        30     22.75            0.00  2012022906  2012032300       0.00                    7            181       3.11      21.75  2012030100  2012032218                96.2          155.1
      2011   31.0200        31     14.50            0.00  2012032306  2012040618       0.00                   16            117       1.95      12.62  2012032503  2012040618               142.5          170.3
      2011   35.0100        35     15.62            0.00  2012051109  2012052700       0.00                    1            126       1.98      15.62  2012051109  2012052700               252.0          284.3
      2011   36.0100        36     20.38            0.00  2012052115  2012061100       0.00                    1            159       4.53      19.75  2012052115  2012061009                87.4          160.6
      2012    5.0100         5     23.00            0.00  2012062118  2012071418       0.00                    1            148       1.29      18.38  2012062118  2012071003               133.7          161.6
      2012    5.0700         5     11.00            0.00  2012070403  2012071503       0.00                    6             73       2.33       8.38  2012070418  2012071303                63.8           82.4
      2012    7.0900         7     47.75            0.00  2012071409  2012083103       0.00                    1            194       3.35      24.12  2012071409  2012080712                90.8          157.2
      2012   11.0200        11     22.38            0.00  2012082203  2012091312       0.00                   82            155       9.54       9.12  2012090106  2012091009                80.6          161.7
      2012   18.0100        18     14.88            0.00  2012102303  2012110700       0.00                   28            118       3.98      11.25  2012102612  2012110618                70.6          101.6
      2012   20.0100        20     13.12            0.00  2012110412  2012111715       0.00                    6             98       5.32      11.50  2012110503  2012111615                67.6          115.5
      2012   23.0800        23     43.00            0.00  2012121212  2013012412       0.00                  111            339       6.40      28.50  2012122606  2013012318                70.6          207.1
      2012   23.1100        23     24.62            0.00  2012121212  2013010603       0.00                   98            198       5.98      12.50  2012122415  2013010603                61.9          180.1
      2012   25.0100        25     14.75            0.00  2013012518  2013020912       0.00                    8            115       3.74      13.38  2013012615  2013020900               161.2          204.0
      2012   28.0200        28     35.00            0.00  2013021103  2013031803       0.00                   94            192       1.53      12.25  2013022218  2013030700               122.9          175.8
      2012   31.0100        31     18.50            0.00  2013032912  2013041700       0.00                    1            149       7.47      18.50  2013032912  2013041700                75.7          172.2
      2012   35.0100        35     15.62            0.00  2013042918  2013051509       0.00                   24            100       3.09       9.50  2013050215  2013051203                70.7           91.5
      2013    1.0100         1     13.38            0.00  2013060915  2013062300       0.00                    1            101       8.50      12.50  2013060915  2013062203                89.4          164.0
      2013    4.0100         4     16.50            0.00  2013070909  2013072521       0.00                   10            133       4.19      15.38  2013071012  2013072521               145.9          197.6
      2013    5.0100         5     54.00            0.00  2013071303  2013090503       0.00                  200            336       1.79      17.00  2013080700  2013082400               109.9          138.9
      2013    5.0100         5     54.00            0.00  2013071303  2013090503       0.00                    1             57       3.97       7.00  2013071303  2013072003               100.9          121.2
      2013   10.0200        10     26.88            0.00  2013090200  2013092821       0.00                    1            105       3.98      13.00  2013090200  2013091500                85.7          141.3
      2013   17.0100        17     21.75            0.00  2013110515  2013112709       0.00                   30            128       2.50      12.50  2013110909  2013112121                93.6          107.3
      2013   20.0200        20     33.38            0.00  2013112709  2013123018       0.00                  125            191       2.99       8.25  2013121221  2013122103                83.7          124.1
      2013   21.0500        21     49.12            0.00  2013122515  2014021218       0.00                  102            299       2.02      24.62  2014010706  2014013121               107.9          168.3
      2013   21.0400        21     17.12            0.00  2013122515  2014011118       0.00                    1            120      13.04      14.88  2013122515  2014010912                71.1          196.1
      2013   24.0100        24     12.50            0.00  2014021109  2014022321       0.00                    1             61       2.11       7.50  2014021109  2014021821               294.5          308.0
      2013   25.0100        25     37.62            0.00  2014021300  2014032215       0.00                  185            300       4.95      14.38  2014030800  2014032209               147.1          203.7
      2013   25.0100        25     37.62            0.00  2014021300  2014032215       0.00                    3            113       3.40      13.75  2014021306  2014022700               125.0          178.0
      2013   27.0100        27     15.25            0.00  2014032303  2014040709       0.00                    1            122       0.78      15.25  2014032303  2014040709                68.8           85.3
      2013   28.0100        28     24.75            0.00  2014032903  2014042221       0.00                   81            177       2.34      12.00  2014040803  2014042003               156.5          173.9
      2013   29.0200        29     10.38            0.00  2014051306  2014052315       0.00                    3             74       8.39       8.88  2014051312  2014052209               119.7          167.7
      2014    5.0400         5     32.38            0.00  2014070300  2014080409       0.00                  116            193       6.24       9.62  2014071709  2014072700                93.8          153.6
      2014    7.0100         7     30.75            0.00  2014081200  2014091118       0.00                   86            197       4.08      13.88  2014082215  2014090512                77.2          127.6
      2014    8.0100         8     14.62            0.00  2014081318  2014082809       0.00                    1             65       6.00       8.00  2014081318  2014082118               223.4          263.6
      2014   17.0100        17     21.50            0.00  2014111803  2014120915       0.00                   44            125       5.82      10.12  2014112312  2014120315                83.2          131.0
      2014   19.0100        19     36.75            0.00  2014121621  2015012215       0.00                    1            231       3.16      28.75  2014121621  2015011415               105.2          153.4
      2014   21.0100        21      8.38            0.00  2015011209  2015012018       0.00                    1             68       3.01       8.38  2015011209  2015012018               230.1          249.4
      2014   27.0100        27     14.75            0.00  2015030306  2015031800       0.00                   16            119       1.88      12.88  2015030503  2015031800               146.5          181.5
      2014   31.0100        31     26.00            0.00  2015032812  2015042312       0.00                   29            209       2.76      22.50  2015040100  2015042312                74.6          119.1
      2014   34.0100        34     25.00            0.00  2015052115  2015061515       0.00                    1            134       2.20      16.62  2015052115  2015060706               230.0          263.3
      2015    1.0100         1      9.25            0.00  2015061009  2015061915       0.00                    1             71       9.21       8.75  2015061009  2015061903               125.6          204.6
      2015    5.0100         5      7.62            0.00  2015072106  2015072821       0.00                    1             62       5.33       7.62  2015072106  2015072821               187.0          221.1
      2015    6.0200         6     78.25            0.00  2015060306  2015082012       0.00                    1            220       4.53      27.38  2015060306  2015063015                63.6          163.7
      2015    7.0100         7     34.50            0.00  2015072421  2015082809       0.00                    1            112       0.68      13.88  2015072421  2015080718               153.4          176.5
      2015   13.0100        13     34.88            0.00  2015091515  2015102012       0.00                    1             98       3.32      12.12  2015091515  2015092718               152.8          183.9
      2015   18.0100        18     14.38            0.00  2015101918  2015110303       0.00                   18             75       3.46       7.12  2015102121  2015102900                65.8           88.7
      2015   24.0200        24     24.50            0.00  2015112012  2015121500       0.00                  134            197      10.60       7.88  2015120703  2015121500               178.2          252.9
      2015   25.0100        25     56.00            0.00  2015112606  2016012106       0.00                  111            309       6.60      24.75  2015121000  2016010318                77.8          204.4
      2015   28.0100        28     19.50            0.00  2016010618  2016012606       0.00                    4            152       0.70      18.50  2016010703  2016012515               306.8          319.5
      2015   31.0400        31     15.75            0.00  2016013112  2016021606       0.00                   27            100       8.09       9.12  2016020318  2016021221                45.3          103.9
      2015   32.0100        32     37.50            0.00  2016020209  2016031021       0.00                   95            239       2.65      18.00  2016021406  2016030306               159.3          207.8
      2015   35.0200        35     25.38            0.00  2016031403  2016040812       0.00                    9            197       1.96      23.50  2016031503  2016040715               136.8          183.3
      2015   36.0100        36      9.12            0.00  2016031603  2016032506       0.00                    1             66       1.38       8.12  2016031603  2016032406                88.4           99.8
      2015   37.0200        37     19.12            0.00  2016040809  2016042712       0.00                    1            154       2.95      19.12  2016040809  2016042712               161.1          221.6
      2015   38.0100        38     21.50            0.00  2016050618  2016052806       0.00                   31            164       2.85      16.62  2016051012  2016052703                66.1          113.8
      2016    2.0100         2     35.12            0.00  2016060806  2016071309       0.00                    6            126       2.79      15.00  2016060821  2016062321                89.8          128.6
      2016    4.0100         4     18.88            0.00  2016063018  2016071915       0.00                   49            108       1.90       7.38  2016070618  2016071403               248.2          261.6
      2016    6.0100         6     15.62            0.00  2016071012  2016072603       0.00                   27            113       1.60      10.75  2016071318  2016072412                82.0           99.9
      2016   10.0100        10     21.12            0.00  2016082818  2016091821       0.00                    1            160       4.72      19.88  2016082818  2016091715                73.4          151.0
      2016   13.0200        13     42.88            0.00  2016092800  2016110921       0.00                  147            337       2.08      23.75  2016101703  2016110921                95.8          158.8
      2016   17.0200        17     37.62            0.00  2016111906  2016122621       0.00                    8            239       1.91      28.88  2016112003  2016121900                79.0          147.3
      2016   18.0100        18      9.50            0.00  2016122812  2017010700       0.00                    2             65       3.04       7.88  2016122815  2017010512               135.4          161.3
      2016   19.0100        19     12.50            0.00  2016122812  2017011000       0.00                    1             98       4.72      12.12  2016122812  2017010915                57.7           99.3
      2016   22.0100        22     27.00            0.00  2017012112  2017021712       0.00                   26            172       5.09      18.25  2017012415  2017021121               101.0          189.4
      2016   32.0100        32     32.12            0.00  2017051115  2017061218       0.00                   60            228       3.42      21.00  2017051900  2017060900                83.3          138.6
      2017    2.0100         2     16.88            0.00  2017060615  2017062312       0.00                    5            102       0.54      12.12  2017060703  2017061906               261.6          275.4
      2017    4.0100         4      8.75            0.00  2017061200  2017062018       0.00                   12             68       3.22       7.00  2017061309  2017062009               121.3          138.5
      2017    9.0500         9     27.12            0.00  2017071003  2017080606       0.00                   10            213       3.86      25.38  2017071106  2017080515                90.3          173.7
      2017    9.0200         9     32.38            0.00  2017070421  2017080606       0.00                    1             60       0.60       7.38  2017070421  2017071206               142.1          157.9
      2017   11.0200        11     38.62            0.00  2017081306  2017092021       0.00                  156            304       5.30      18.50  2017090209  2017092021                77.5          142.6
      2017   16.0100        16     26.75            0.00  2017100306  2017103000       0.00                    1            166       4.33      20.62  2017100306  2017102321                77.1          150.7
      2017   20.0100        20     25.38            0.00  2017113012  2017122521       0.00                   94            187       5.48      11.62  2017121203  2017122318               136.9          175.6
      2017   22.0200        22     11.62            0.00  2017122712  2018010803       0.00                   23             94       4.13       8.88  2017123006  2018010803                69.8          111.0
      2017   24.0100        24     45.38            0.00  2018011006  2018022415       0.00                   22            334       3.50      39.00  2018011221  2018022021               112.1          206.0
      2017   27.0400        27     38.12            0.00  2018030518  2018041221       0.00                  126            306       1.45      22.50  2018032109  2018041221               148.7          183.3
      2017   30.0100        30     14.12            0.00  2018033018  2018041321       0.00                    3            101       1.35      13.88  2018033100  2018041321               302.3          318.6
      2017   31.0100        31     17.38            0.00  2018041615  2018050400       0.00                    3             85       5.76      10.25  2018041621  2018042703                57.3          100.5
      2017   33.0100        33     15.38            0.00  2018051709  2018060118       0.00                   44            122       3.75       9.75  2018052218  2018060112                63.5           94.8
